brightness: 90
background: background.bmp
reflections: true, 90
floor: 0, 0, 21
9878987899778897989987878969786866779878678998786678978978
8                                             4          8
9                                      4444444           9
6                    7988                                8
8       4444            9                                6
9       4444                          986         89     7
9                    77                            6     6
8    4               48        4       7           7     8
6         44444444                                       7
8    8                                             6     8
7    8          p        879          444                6
8     9                               444                9
8      66       44            88      444                9
9       7       44                                       7
7                    87                           4      6
7                                  6 9            4      6
6        4                 4        4             4      8
7        4                 779           4444444444      7
8        48     7                                        7
9        496           6 9         6                     6
8        4            6749         7                     8
6789698798769879887969879687987968768576857986687687798986
