brightness: 80
background: background.bmp
reflections: true, 70 
floor: none
68796878698767899697687889768798999868789687896
6P                             8        7     9
867                            8   6    8  7  6
777789987668789686777   9998   8   69   8  7  7
9                          8   9     89    8  6
8                          7   9   897896998  9
78888   88799687866879868788   7   8     8    8
84449                          8   8  8  9    7
4   8                          7      9  6    8
4   9    786578968768  996987988     8   7    8
9   8    7     8          6        7     7    6
8   7    7                     6   7978896   89
7   9    7 688888877899876987899868           7
9        7   6                         77896978
6678969966   6   8                9998        8
91           6   8   8868598636878988 978969  6
8   6789967  7  69                      8  9  7
7          7      7777896798977989698797   8  9
886688    6 78                             9  7
9      877    997896688787989686786687988989  7
6888       66             8                   6
868798979879869987879898796 7687887877788799687
999999999999999999999999999 9999999999999939999
999999999999999999999999999                3999
99999999999999999999999999999999999999999939999
