brightness: 100
background: background.bmp
reflections: false
floor: 39, 68, 23
33333333333333333333333333333333333333333333333
3                     3            6          3
3                                  7          3
3          3         88            7   3      3
3  99  9988777898   7  887         8987       3
3    999         789      33                  3
3           6         P      3                3
3            6               3  789           3
3            7    773     78 9 8   33         3
3             8     9                3        3
398779        9     6                789      3
3     36     7                   8            3
3      6     897 879             7            3
3     6      8  88     3          7      7    3
3    6                 3          9       83693
3     3333             3         9            3
3                      3      333             3
33333333333333333333333333333333333333333333333
